1 7.237082480700922
2 6.667064614455047
3 7.310883172337833
4 8.002021312226102
5 7.2409727423301895
6 7.097442125581562
7 7.6978948984063935
8 6.6612895847295945
9 6.987901797461246
10 5.929875470435885
11 7.516932025382513
12 7.234590520647397
13 7.260049780826451
14 5.168558256493557
15 7.61385125897944
16 7.146270321069031
17 7.914693534361397
18 6.221804857547569
19 6.6092318170396505
20 6.331786602455019
21 5.935800782395231
22 7.48052592548266
23 6.850030080534949
24 8.200296391382109
25 6.330944337030386
26 7.8528207810540955
27 7.4529224170781125
28 5.907029885181622
29 7.05471093959302
30 6.6821998762569965
31 8.024477950268881
32 6.409204041788227
33 6.546188499853276
34 7.221794161157174
35 7.264858135885103
36 6.404726555706554
37 7.053503455743331
38 7.286630156565665
39 6.783344209742707
40 7.155878987911617
41 7.856054350564163
42 6.538807141143759
43 7.1806653350328755
44 6.818863634927883
45 7.072586192009568
46 7.820259667545722
47 6.957028389309928
48 6.3637027015010155
49 8.19985232797876
50 8.231645118258452
51 7.598070815915478
52 6.5844083963128925
53 6.728704248282708
54 8.73284081452063
55 7.690752341132678
56 6.80874865615917
57 6.978735445171741
58 7.265849444359972
59 6.43007101277371
60 5.686136022916609
61 7.409971494046371
62 8.517637964678196
