1 7.237082480700922
2 6.667064614455047
3 7.310883172337833
4 8.002021312226102
5 7.2409727423301895
6 7.097442125581562
7 7.6978948984063935
8 6.6612895847295945
9 6.987901797461246
10 5.929875470435885
11 7.516932025382513
12 7.234590520647397
13 7.260049780826451
14 5.168558256493557
15 7.61385125897944
16 7.146270321069031
17 7.914693534361397
18 6.221804857547569
19 6.6092318170396505
20 6.331786602455019
21 5.935800782395231
22 7.48052592548266
23 6.850030080534949
24 8.200296391382109
25 6.330944337030386
26 7.8528207810540955
27 7.4529224170781125
28 5.907029885181622
29 7.05471093959302
30 6.6821998762569965
31 8.024477950268881
32 6.409204041788227
33 6.546188499853276
34 7.221794161157174
35 7.264858135885103
36 6.404726555706554
37 7.053503455743331
38 7.286630156565665
39 6.783344209742707
40 7.155878987911617
41 7.856054350564163
42 6.538807141143759
43 7.1806653350328755
44 6.818863634927883
45 7.072586192009568
46 7.820259667545722
47 6.957028389309928
48 6.3637027015010155
49 8.19985232797876
50 8.231645118258452
51 7.598070815915478
52 6.5844083963128925
53 6.728704248282708
54 8.73284081452063
55 7.690752341132678
56 6.80874865615917
57 6.978735445171741
58 7.265849444359972
59 6.43007101277371
60 5.686136022916609
61 7.409971494046371
62 8.517637964678196
63 7.553394937806482
64 6.956816793881501
65 8.336583770143864
66 7.837203175834955
67 7.177292710053886
68 8.197803704013772
69 7.04891144173614
70 6.433079703125256
71 9.118731721215454
72 8.667125077516326
73 7.007033797000977
74 5.999779046148836
75 7.6018221280916665
76 6.315819018589978
77 7.329526409292979
78 6.619951989938195
79 7.362108160014756
80 8.450267891253379
81 6.395471180412699
82 6.863637730930885
83 7.717307507445488
84 7.300776999031549
85 6.832862227989388
86 8.150098058671574
87 7.0828025400458685
88 6.551256525223445
89 7.363305107759434
90 7.5177510134161025
91 7.423529251616884
92 6.692578337276582
93 8.638158241653331
94 6.907203831829184
95 7.281839577070771
96 7.157914785263217
97 7.391211342308706
98 6.6566021382640805
99 6.616120101895074
100 6.6221473953651415
101 6.8788631550371475
102 6.585162473560784
103 7.022743213081593
104 6.6799810825311
105 7.909289316387449
106 7.457451229459038
107 5.706875938635301
108 7.567435924335334
109 8.182674239739418
110 6.642922015601728
111 6.4492367349403725
112 8.654319775819394
113 6.733973404496009
114 7.523898314895451
115 7.977949350678728
116 6.847368751507112
117 6.5650876943963485
118 6.121332004729018
119 7.424312456894151
120 6.865705084216248
121 6.849022511446623
122 6.746974127607358
123 5.990841700546821
124 7.415319910284026
125 6.151807427067623
126 6.323542152543695
127 7.260715994796673
128 5.759658129559488
129 6.254686674544172
130 6.219341609901682
131 6.99949704939719
132 6.47317211719091
133 7.174430726124151
134 8.297988939920247
135 8.436922752084918
136 7.168668857858047
137 6.7507494715064595
138 6.842243875183091
139 8.133798287231961
140 6.2356034814280346
141 6.918685306798679
142 7.959177406709043
143 7.048410222953736
144 7.269676938635455
145 7.5052795799507415
146 8.314107038737093
147 7.227660410821694
148 7.812927100794845
149 7.097023206137654
150 6.502180441525664
151 7.501571549879933
152 7.052149530652373
153 6.405850772667451
154 7.781196312257644
155 9.493238582508134
156 6.515244728956792
157 6.863150684353241
158 6.893907962819928
159 6.638043660220005
160 7.314629730650345
161 7.315292628729542
162 5.911960374466743
163 7.782217227193231
164 7.59857032230123
165 6.15605120522429
166 6.682990242362633
167 6.3386508285278955
168 6.512862220313306
169 6.5345776768398665
170 7.46702821064503
171 7.151474895028743
172 5.802134806552172
173 7.846572049047641
174 8.323016656493076
175 7.225688045338987
176 7.206406456915558
177 6.9993890150845095
178 7.311435522385147
179 7.834875205709545
180 6.9231478040166285
181 7.637417840959494
182 8.057658437440471
183 6.432616586051683
184 7.866930213711085
185 6.630273385167379
186 6.1638161665391
187 5.733002858762862
188 6.036121760460952
189 7.312751582784616
190 6.926882160235643
191 7.135043183198629
192 8.117690337830233
193 6.708196900688372
194 6.18341136486842
195 7.166288138346323
196 7.2863274513680665
197 7.807575917450256
198 6.885611565452639
199 6.793141631355344
200 6.478215318514963
201 7.154770343401359
202 6.949424890164823
203 7.577706569831576
204 7.472208554059768
205 5.872400002528795
206 8.230015297953951
207 7.627597736168513
208 7.795411167939107
209 6.688576046303107
210 8.222625428722182
211 6.505946354292017
212 6.974018625587038
213 6.311557383005218
214 6.24382439587916
215 8.515642778312975
216 7.33477519662017
217 6.675409881649485
218 7.801557325654565
219 7.660944796381888
220 7.172263868341741
221 7.332594141049308
222 6.999530277510752
223 6.406672532425877
224 6.132022115805047
225 8.115620625015056
226 7.138277015547792
227 6.473462401307006
228 7.442272534462739
229 7.400624025467339
230 7.185701798401417
231 6.113877518684417
232 8.395300169114963
233 7.75319093115539
234 6.725160701586998
235 6.485886502736459
236 6.639348992514993
237 8.238390497415992
238 6.5319695209914554
239 7.395577587445492
240 6.705655319625271
241 6.594734993625367
242 6.0693474646973415
243 7.78574578998687
244 8.133925311955466
245 6.525969430514005
246 7.1834479572677665
247 7.03333839716712
248 6.9888204019932285
249 6.1826357238250695
250 7.534195436836027
251 6.026579718138584
252 7.322204684125548
253 6.633485121868186
254 7.255978743806695
255 7.988195306553722
256 7.582185493536484
257 7.7965353661822485
258 7.761590086418016
259 5.840965007293069
260 7.799488631877302
261 7.5515001714978744
262 6.740799897458351
263 7.897438873051021
264 6.612413062455175
265 6.7816751618288516
266 7.815917474905252
267 6.43611206189284
268 6.483589122026428
269 7.039209164574324
270 7.008496584110956
271 6.316653314514257
272 7.363707152122911
273 7.696633475513923
274 6.6980077393934465
275 6.813243380604618
276 7.79687954758656
277 7.752332095087057
278 7.309488766516627
279 7.166061521956112
280 7.643250231347584
281 7.783307428543256
282 6.7569895603004175
283 7.564238068679708
284 7.290626057665657
285 7.91123567479379
286 6.013798738903281
287 6.895592490121287
288 6.983994977940037
289 7.824959660693931
290 7.450444054855162
291 6.64357080141121
292 5.798409501110562
293 7.203201120290146
294 7.402655006242326
295 7.7094609872621005
296 7.201943487088214
297 6.619431930870471
298 7.818772359688134
299 7.708669156738788
300 7.077734993072964
301 7.394247585001223
302 6.432936754836267
303 6.8827521271207335
304 6.707364635558973
305 7.013726665296677
306 7.750560183706599
307 6.627581454440214
308 7.415593414635857
309 6.063210111461551
310 7.22254217431607
311 6.713169872297882
312 7.4150655631470705
313 6.814938738104146
314 5.587592870732577
315 7.077850056910887
316 5.794653564410051
317 7.33001509054705
318 8.149981761822518
319 6.205439668233443
320 7.490438230291559
321 6.010742397107378
322 8.027949797310162
323 8.267250029647379
324 6.707004317979437
325 7.160271389878368
326 7.2747633897734785
327 8.445950856017747
328 7.919723667034891
329 7.090470372509507
330 6.671392539754921
331 7.949321168891064
332 6.849364784309987
333 7.559598692463033
334 6.216246298646446
335 6.222913303738518
336 7.919277352207816
337 6.993641505444033
338 7.175072996684598
339 6.5641742398374054
340 7.299196100073806
341 7.702983641098262
342 6.723517498815132
343 5.969089252764892
344 7.412747581597446
345 6.790704258636269
346 6.553845424796207
347 8.980544892874926
348 7.66977650396378
349 7.510566376772326
350 5.78911931968992
351 7.247609014741345
352 6.852303926387012
353 7.003676762691695
354 7.556600135555614
355 6.948834369672754
356 7.474086713406361
357 7.634612966326088
358 5.820878764792409
359 7.643730549018503
360 7.3203609221711865
361 6.660347350371123
362 7.078075702952411
363 7.186078806108535
364 6.666626411018482
365 8.202631074882067
366 6.716267769464548
367 6.41875565652742
368 6.800195300454891
369 7.401389645169574
370 6.986433743536603
371 5.9070506227929105
372 7.610434932234035
373 7.983389028400563
374 7.506394169001595
375 7.472665245713534
376 7.096309285899201
377 7.009712881484771
378 7.4628246862429135
379 7.318476967371478
380 8.170808495431547
381 7.364290927362792
382 5.824896476130428
383 7.240455787074025
384 7.075573215033759
385 7.266822940236104
386 6.755576761056265
387 7.225414671901264
388 7.989318952238293
389 6.624235463226046
390 6.136622591884428
391 6.491201575561335
392 6.618851613759133
393 6.735679665884623
394 7.1970629292404205
395 7.979123764966332
396 6.847667129882127
397 7.3314457556360075
398 7.014112253134779
399 8.2304784578602
400 7.379317422552773
401 6.9653348921080855
402 8.430417277991385
403 6.0652369873497465
404 6.899257810628062
405 7.545492608277458
406 7.832572414626116
407 7.710908746033966
408 6.772984146101399
409 6.012472597503502
410 6.66281753173682
411 7.8161809258147095
412 7.126118004508447
413 7.2656738289037905
414 6.674102725754101
415 7.415423069061481
416 7.755659119596748
417 6.489726877498549
418 7.751249787537398
419 7.14174093718409
420 6.809328895739874
421 7.1466528147976245
422 6.614818735498566
423 8.843754597976455
424 6.863344510488841
425 8.339926126100869
426 6.508101897159178
427 7.165577102841284
428 6.814893816726381
429 6.503807602052524
430 7.178504995974782
431 6.254867042299419
432 6.970004209167395
433 8.254024413865013
434 8.086785204590399
435 6.231746401504177
436 7.542065933430862
437 6.758328848787615
438 7.908201465643736
439 6.09778345504982
440 7.464492307736373
441 7.266722215722235
442 7.468974662451221
443 7.330159348832872
444 7.37929337720495
445 7.266334276917605
446 8.106549201522
447 6.508133326603768
448 8.102006409117044
449 7.453783284473554
450 7.58087965959127
451 6.854470721520417
452 7.1764893604842985
453 5.728063537254837
454 6.856120510057336
455 6.700503229827283
456 8.016625200994255
457 7.6656078570184345
458 7.202872912745316
459 6.30562563673374
460 6.500284519405064
461 8.53668003525382
462 6.6959673835046924
463 7.324154140423994
464 6.816975644240222
465 7.082708768028853
466 6.839662063351996
467 6.470412740510813
468 7.254765371615193
469 7.374240742519554
470 7.46029234139732
471 6.532248243117378
472 8.206896748447518
473 6.359939893274158
474 6.882794577009696
475 6.8581575202787715
476 6.747884685376487
477 8.098788041984355
478 7.425223270059501
479 7.476072543501267
480 8.4969330487704
481 6.340464902346997
482 7.135245192171854
483 7.197008904460715
484 7.728754946212541
485 6.315719414058693
486 5.983691218696887
487 6.913584245867294
488 7.841232260553686
489 8.076999807313632
490 8.472940763830318
491 6.205203490156413
492 7.064101553851061
493 7.642023210522357
494 7.121922161564429
495 6.3251227588532455
496 7.38718470267434
497 6.944572731991433
498 6.808904231889488
499 7.734224575620171
500 7.780574077092537
