1 20.452756221942924
2 20.491613542559207
3 19.387208961045122
4 20.620173436991706
5 20.957276799511906
6 20.651052730116543
7 20.202738519948703
8 20.747799946788867
9 20.468289662905455
10 20.060710431425402
11 20.45156309535233
12 20.474859509367516
13 21.93035035906281
14 20.596178096766014
15 19.89915570778879
16 20.369183266321905
17 19.786190431002456
18 20.612317700213065
19 20.18751025203125
20 19.763949588126383
21 20.91075508129155
22 19.732425709005618
23 19.650239684958613
24 20.33468705414265
25 20.235387055495977
26 19.944647528932144
27 19.617377660857585
28 20.892469085468264
29 20.374366216240528
30 19.64123741129993
31 20.526786289258386
32 20.247006393247908
33 19.10464871077323
34 20.263697942339554
35 19.984464407461864
36 20.66540178043207
37 20.379197914073366
38 19.660393515432716
39 21.14271749018973
40 21.54932907861552
41 20.515072135528868
42 20.662099967414434
43 19.750807752756256
44 19.488608844331978
45 19.72839906176079
46 20.565419961456826
47 20.327887596023146
48 20.191073675964663
49 20.516127783942284
50 21.059287277774658
51 19.758316279744633
52 19.305458145627114
53 19.974736914160466
54 20.379506060219992
55 19.667843832567325
56 19.094721650944734
57 19.940959007236287
58 20.320785170358825
59 19.37565569374102
60 19.60813648827265
61 20.31635517845929
62 20.57295919548378
63 19.824549061838255
64 19.644111644784054
65 19.350762533217566
66 19.812528046611128
67 20.958904709701194
68 21.17901406742921
69 19.78697308223822
70 19.768422833261017
71 19.687919429251036
72 19.4389192236457
73 21.379582348396106
74 20.47565008243262
75 20.96493784984893
76 19.622812289656814
77 20.78978572984464
78 19.63256644848515
79 19.91503592847704
80 20.67708544974881
81 18.67871641667438
82 20.097873120701102
83 19.794294128830142
84 18.828097058251405
85 18.979278061383305
86 19.21318881623235
87 20.355605744910235
88 19.929229015844186
89 20.422908984826208
90 19.677523024431213
91 19.812423134495205
92 21.869105166460553
93 21.120433191367606
94 19.785851004039955
95 19.26974178328303
96 19.796517604379968
97 20.69787149703712
98 20.269672402162314
99 19.606969100029794
100 20.31251851703013
101 20.71940024816168
102 19.57148546864434
103 20.851175121398533
104 20.101269548469997
105 20.762097811633108
106 19.745578316564796
107 19.661684031963635
108 20.56101014996036
109 20.17309830516763
110 20.622384257933497
111 20.29561618717789
112 19.604170883473717
113 20.55266177930667
114 19.643878172011267
115 20.711180482665167
116 20.065357803468164
117 19.5903814744375
118 21.0010932552407
119 20.950173815405634
120 19.454128834597746
121 20.76201898647079
122 20.2113329306612
123 19.349912367785326
124 20.50214300414481
125 20.42079108725165
126 20.927166837627478
127 20.19295465568409
128 20.08351764534914
129 19.519114883500542
130 20.95144221789521
131 19.747014143272477
132 19.69071135824757
133 20.153398526184088
134 20.016128149019565
135 21.259778029228656
136 20.35551512038944
137 20.521224826290506
138 20.829996160277002
139 20.76203566408991
140 20.40313887043243
141 19.4527146661492
142 20.448835519747483
143 19.13635102790974
144 20.861880041917725
145 20.49476527944538
146 20.000471753730764
147 20.76375785453048
148 20.120419378390064
149 20.529654176350437
150 20.494048563205492
151 20.060074220293174
152 20.30710175142228
153 19.95470727015263
154 21.25318005457337
155 20.693285275944618
156 20.254911230544092
157 20.543867627058695
158 21.05601431815438
159 19.5857293286493
160 19.92789532996048
161 20.07604718638901
162 20.915704073297285
163 20.16132583308736
164 20.366472752364867
165 19.596010710818792
166 20.420986171978793
167 20.101592043668497
168 19.277576579483842
169 21.041406390736835
170 19.27579971625502
171 19.591827226119978
172 20.72710745798814
173 18.408281924144127
174 20.742897152275805
175 20.0456561517566
176 20.128361586509325
177 19.727237209668623
178 19.399127300855454
179 20.38407679474996
180 20.35581962040663
181 19.92184133375399
182 19.73994109801284
183 20.361724753302
184 21.611662705959205
185 20.092141544708067
186 20.294932410726133
187 21.059625376828443
188 19.81922876676518
189 19.636503681052563
190 19.38425489307191
191 19.74437125379642
192 21.183882423319123
193 19.05033367405655
194 20.214129446259573
195 20.085295378881824
196 20.316649160557137
197 20.127142301750062
198 20.46215174256346
199 19.56637976182932
200 21.598350561725997
201 20.647350296902037
202 20.043183832173888
203 19.584564117896402
204 20.242706165286258
205 20.120560203397527
206 21.06613193869668
207 20.910991515379877
208 20.96603511210007
209 20.403936322969958
210 20.42645997779251
211 20.386306485649374
212 20.51915730362833
213 20.405571906349476
214 20.723586293896467
215 20.6526561122831
216 19.446584703607126
217 20.28363631766629
218 19.592288962204265
219 20.99083227608913
220 20.93231937856643
221 20.970396826794175
222 20.29780677357533
223 20.031658245963584
224 19.11907452285856
225 20.68884009342202
226 19.804515431345013
227 20.312600835525412
228 20.128638341716158
229 21.308707273052022
230 19.34865197483176
231 20.92859611033805
232 20.907684308616933
233 20.66101900590833
234 20.536318968709168
235 19.943316165604074
236 20.425786316872273
237 21.138505799929316
238 20.96390569809116
239 20.516772432373127
240 19.991571573032118
241 21.72221159875274
242 20.631976609908104
243 20.411859683453812
244 20.16582873155296
245 21.162073726246433
246 20.625458337351724
247 20.762138324968472
248 21.19317179605861
249 20.990850510391407
250 19.88249148303583
251 20.71898328460302
252 20.753182902295197
253 19.9789766290227
254 20.54231285199327
255 20.511577898461915
256 20.48333603012756
257 20.187819132545677
258 19.033972443059113
259 19.125510895575246
260 20.554437287013105
261 20.36814204182802
262 21.28547151381235
263 21.16665777723991
264 20.244252199371417
265 19.187629700955387
266 20.792636665594262
267 20.47484791806146
268 20.312692506567725
269 19.776973721129878
270 20.020224245042606
271 18.837071878795097
272 21.045340725870535
273 21.117205167195056
274 20.130875767748922
275 20.4971974895974
276 20.817742863085094
277 21.198907158598924
278 19.216456877254952
279 20.688113992680954
280 20.243762021806937
281 21.3575125121473
282 20.617031140736596
283 19.88732180980613
284 19.536425249100144
285 19.843742513153213
286 20.686102362952653
287 21.062972123894717
288 20.189639810454537
289 20.431927937323763
290 19.506381937031033
291 20.58587029268627
292 20.098314374347154
293 20.5442103980442
294 20.63387452245501
295 20.430133165442076
296 20.63978567613949
297 20.021868704295773
298 20.494524048798514
299 20.3664552436065
300 19.273825039312833
301 19.66102831390785
302 20.96045072821994
303 19.938314367153858
304 20.99011702725026
305 20.289856827134965
306 19.165512496138927
307 20.06073112810507
308 19.95092856489701
309 19.459847126870955
310 19.23267215363206
311 20.995271813636556
312 20.876590063374536
313 20.882179841958536
314 19.271718127713427
315 19.249051739719064
316 20.019277407209028
317 20.771410101379583
318 20.65005794135794
319 20.93797963633637
320 20.262339966729762
321 19.976570340030477
322 20.983274073907467
323 20.42856594524643
324 20.268484201598422
325 20.899460528523218
326 20.77594997941162
327 21.815766371860704
328 19.76308915338441
329 21.8549764432984
330 20.389784656868343
331 21.06508450778541
332 20.01425057812233
333 19.556435175175604
334 19.884651529991086
335 19.981878652890114
336 20.327507670380633
337 20.29062203250883
338 20.582204983915094
339 20.004512547529504
340 19.95737437074763
341 19.318516167271675
342 19.013815800576072
343 20.36542088241383
344 19.855896064706556
345 20.873068109741315
346 21.016563098546623
347 20.21974939290391
348 22.168517344622654
349 20.584797960830677
350 20.75236145375462
351 21.01843610966968
352 20.775250701524605
353 19.931624501746843
354 21.361020840492483
355 19.249168121427132
356 20.173604169879535
357 19.94475636089174
358 20.14060331513986
359 19.599927383837535
360 19.816006433729665
361 20.041671986168183
362 20.23328308183879
363 19.836312737644015
364 20.728098021066273
365 21.388590070142417
366 20.84237112393743
367 20.237835152784623
368 18.352729763367805
369 20.423598128119387
370 20.28330697309712
371 20.5968015192125
372 19.824878834462034
373 20.099539268814787
374 20.05179906866051
375 20.497955562607245
376 20.701884440702514
377 19.54003487305205
378 19.88985864800192
379 21.410198761630138
380 19.666875277882497
381 19.860759506581946
382 20.32555719495227
383 20.442366857527514
384 19.653162055379013
385 20.558364716177476
386 19.964596453526347
387 20.729911182972423
388 19.90848832516736
389 21.035972426328136
390 20.744932639796282
391 19.85203151765173
392 21.100974190014906
393 20.105048959994075
394 18.84021971170513
395 20.812527589476662
396 19.889461156089347
397 20.315234195957625
398 19.46315837551399
399 20.518764825735207
400 20.561226786326003
401 19.30488897550029
402 19.869426808247496
403 20.23102611870606
404 19.968452862655553
405 19.58179771154964
406 20.103364469319168
407 20.96031091059009
408 20.37956649001915
409 20.055601444686705
410 19.26182528233258
411 20.381717304080347
412 20.482980926414417
413 19.919835289383048
414 20.319797534674617
415 19.491099211687168
416 19.737506606718515
417 21.145316175763288
418 19.787715074717465
419 21.013369318318933
420 20.15698200826048
421 19.74378723791746
422 20.311637460037577
423 21.657754892532505
424 19.34492441616773
425 19.470675039391057
426 21.237871520040997
427 18.982894682640776
428 20.97524148883719
429 20.489516175368074
430 19.670412279447735
431 19.739533207415416
432 21.163524930352196
433 19.300201162581203
434 19.872146470267978
435 20.69421313052066
436 20.43831661778731
437 20.795015833885998
438 19.671236703476584
439 20.419899851584255
440 19.294223189123763
441 20.02699351112065
442 19.455595411216628
443 21.050853257437065
444 20.541495432220763
445 19.80571773186692
446 20.68002987104199
447 19.74073856183117
448 20.57307641014536
449 20.272652531588207
450 20.936647732387733
451 20.426134963082163
452 19.770774664072448
453 19.90652186597211
454 19.74437738761036
455 21.325821128498934
456 20.31581552682343
457 19.90097903015731
458 20.29182665738474
459 20.833698767867155
460 19.045257981758734
461 20.655475997522114
462 20.970049319236832
463 19.862295989079303
464 20.41872570444862
465 18.7041098406813
466 20.43536484308537
467 19.972642224462227
468 19.944566438850597
469 20.525998280943387
470 20.87043747361325
471 20.319734305806886
472 20.79630918674323
473 19.929821489876602
474 20.19202780468087
475 20.68824472297046
476 19.14733479953258
477 21.922923369444717
478 20.325431009331105
479 20.02873209556039
480 19.702910316137917
481 19.968196686950808
482 21.03187107165703
483 20.047392672184674
484 20.756352476754966
485 20.548156849793376
486 19.587627932822862
487 21.05455253713659
488 20.678992505158067
489 20.723576828959086
490 20.26101310168964
491 19.944197568318433
492 20.629347548350175
493 19.14208453588478
494 20.233278664884086
495 20.04081424227606
496 20.753670136908674
497 19.170853207610225
498 19.52378299636637
499 20.971949979188537
500 21.14533526287068
