1 0.4875028110467505
2 0.659810161784484
3 1.164163480439873
4 0.8219380614252924
5 0.6556633046439817
6 0.9927915730602526
7 0.8586532642469425
8 0.7369996903828369
9 0.8163540186969394
10 0.6243229784578541
11 0.9364783176341104
12 0.5172279111365679
13 0.738270791971942
14 0.808348474929673
15 0.7276497406230367
16 0.6088584302956199
17 0.484557473071244
18 0.823177210778402
19 0.3482422226768675
20 0.89393489796498
21 0.6750699846758262
22 1.1436153186801645
23 0.6366384624242709
24 0.7859218292033571
25 0.5718405548291503
26 0.6781430792069918
27 0.6446109399914168
28 0.7565598869318314
29 0.5504487266646451
30 0.783605264895422
31 0.8186822752451444
32 0.7528398985056554
33 0.6419669816123821
34 0.7959093744315724
35 0.7646857912208925
36 0.7084348719186566
37 0.6188489829360686
38 0.4795846985996628
39 0.41804413697629
40 0.40217396481109513
41 0.48857064798679045
42 0.9219752204415217
43 0.6508184117831098
44 0.6098468466822053
45 0.4841997087081446
46 0.7319393269926028
47 0.5951595466718932
48 0.6003953618770116
49 0.5677235000184864
50 0.5567450903187682
51 0.6047713069444659
52 0.5443303889743332
53 0.8340132861385506
54 0.6968926618370205
55 0.852816618329123
56 0.634986744593933
57 0.8313203787725987
58 0.5503421565789286
59 0.7393551796174174
60 0.5581670248306863
61 0.7978954133422392
62 0.9734592840112601
63 0.9033960127947338
64 0.7278594148405683
65 0.8075932001738194
66 0.6350398298046924
67 0.6657081353952706
68 0.6625614078738528
69 0.5138075878721396
70 0.7540216602240081
71 0.798699295870609
72 0.6861859762081637
73 1.0067028966735652
74 0.9528559683432922
75 0.8281641019632707
76 0.5231150369750329
77 0.6998796527778159
78 0.6664280606509957
79 0.5415633865520946
80 0.9277408948908985
81 0.47678501372153465
82 0.34506634251141327
83 0.5801013090296547
84 0.7197697669402332
85 0.5622344394628853
86 0.6639159019113787
87 0.8334337145952561
88 0.5079170256395583
89 0.7421643676299678
90 1.0007366131210313
91 0.7736441865273791
92 0.6732062939900003
93 0.7296797137025226
94 0.5075972860447795
95 1.0272984115038568
96 0.5608182355144694
97 0.5310802822233585
98 0.6135162935892237
99 0.6137276187051104
100 0.6463001143807064
101 0.6372595663243898
102 0.5068570568047104
103 0.9897101615249447
104 0.6496346421075891
105 0.6636430876315988
106 0.8642760974443864
107 0.3996448160737291
108 0.6885746991946494
109 0.4305072907342618
110 0.5343663187635235
111 0.6389453828231876
112 0.5718761188502556
113 0.5602963605853343
114 0.6567767261309799
115 0.503316896761554
116 0.8982653583976177
117 1.1111308784381226
118 0.9809211300740772
119 0.5383918573246667
120 0.7525955618851153
121 0.8899873924829677
122 0.9572788346410206
123 0.7979378106444006
124 0.5074628009968227
125 0.7589816202601404
126 0.6183002970286385
127 0.7553883577811483
128 0.8908799855002889
129 0.5348246011649308
130 0.5574244839508875
131 0.761867692005118
132 0.5269002082537178
133 0.4380996795026835
134 0.6557044680231946
135 0.8498575950743511
136 0.5211747166222314
137 0.8172979993808369
138 0.5857550916407828
139 0.545191527085713
140 0.5397925724487089
141 0.9258607617644656
142 0.7413847385771352
143 0.6435191581457836
144 0.8447824782807274
145 0.7495571512985405
146 0.5587991372069535
147 0.48139830521622057
148 0.8354161731190701
149 0.38750696791294487
150 0.4996063245098588
151 0.363400850397301
152 0.6423428947407992
153 0.6706183654861372
154 0.8505600142323773
155 0.9969352420811567
156 0.5089574547377328
157 0.9580117955275453
158 0.524276856003099
159 0.8404268426125276
160 0.9182382768549879
161 0.3432374105677193
162 1.1044290106444192
163 0.8445123053591116
164 0.9226170876770982
165 1.0983475915169267
166 0.7713171863662938
167 0.5729591735325584
168 0.8375594336681429
169 0.7011014760455029
170 0.7793101896101874
171 0.75639669652561
172 0.4800090131435108
173 0.7250141079935499
174 0.8787676461864281
175 1.071967100093566
176 0.7073055781548979
177 0.7290842258602621
178 0.7912206272694053
179 1.0009755730016991
180 0.4251191561441556
181 1.1577269824391303
182 0.6407815187877767
183 0.5939716333548954
184 0.5022167212877995
185 0.9321140368426857
186 0.8574327517655931
187 0.6407193047999603
188 0.7814199882945296
189 0.848299655818297
190 0.8800722326517123
191 0.8138684999549506
192 0.8465475027521173
193 0.7010627596764779
194 0.5472425931969683
195 0.5329479215925571
196 0.4686407410107896
197 0.449235325925323
198 0.5343185231244749
199 1.0195008057443542
200 0.5992273492637847
201 0.881069133338084
202 0.8955525376537361
203 0.5604451909839145
204 1.0727249025219594
205 0.6379687434877697
206 0.5291679812051895
207 0.7092274085030417
208 0.8531064954854921
209 0.5860455616891695
210 0.5459033922369338
211 1.1889010150274197
212 0.7097124868967594
213 0.5175341231235308
214 0.6431547366104157
215 0.829895687242239
216 0.8878037734402604
217 1.0568773294856184
218 0.6756347165267078
219 0.7010834246291717
220 0.8054809488656551
221 0.6905868365730523
222 0.671806767383883
223 0.4631952607580344
224 0.7743143322092433
225 0.7529718984933562
226 0.6162153562181095
227 0.6710430130978989
228 0.6468886424362723
229 0.44466872721298695
230 0.8749405586881642
231 0.6709244742060463
232 0.5717396498449413
233 0.871489671954987
234 1.0136361010822625
235 1.267049414730812
236 0.8247034270287302
237 0.9066892713819874
238 1.3596565408701458
239 0.581405987462529
240 1.2171218249704792
241 1.034165591691016
242 0.7255249460304043
243 0.5904411149517473
244 0.9929531545577602
245 0.9004603688731672
246 0.82999791931388
247 1.0180020674278336
248 1.0196255013734123
249 0.3598313400459815
250 0.8260854733074531
251 0.7000709561496482
252 0.7400831884749698
253 0.6045201153786446
254 0.7616222186597281
255 0.5820394512022036
256 0.6833812139863856
257 0.7342930071276774
258 0.7774632466517262
259 0.7487987172069731
260 0.686485283842383
261 0.5393801747314944
262 0.8553235249021381
263 0.8926711034395615
264 0.5710114937438252
265 0.7212831552207865
266 0.639398888440346
267 0.5726275338675112
268 1.0064806688810841
269 0.9454021743174422
270 0.4705624616799119
271 0.8315225730007111
272 0.5194159270277412
273 1.0279415854457423
274 0.42561819228981784
275 0.6501882038864727
276 0.4799476726022192
277 0.7943434515779312
278 0.6418180988665736
279 0.8056898345377929
280 0.42810563059896256
281 0.607152064201191
282 0.4478657229169619
283 0.4994392130607494
284 0.7461001815662809
285 0.8351577027145618
286 0.734918111135101
287 0.6499668644268455
288 0.7841863606323831
289 0.9832065723676144
290 0.775115803600354
291 0.44953257484064624
292 0.4910416767608525
293 0.5280339165038652
294 0.600369306210364
295 0.6809975622966264
296 0.7685507269588129
297 0.495271672694744
298 0.5848317681553256
299 0.8979694082013844
300 0.566617396275871
301 0.9432096264187415
302 0.6204640562349115
303 0.8365131083007074
304 0.5861328582942911
305 0.5620483438954204
306 0.7552141651943762
307 0.7752140306710604
308 0.5583992332301392
309 0.6931862171493001
310 0.7300436455759707
311 0.7519254794429673
312 1.1553331007452825
313 0.5778410523405928
314 0.5185323308108921
315 0.8570930728560741
316 0.6172903963463736
317 0.6388458349018186
318 0.6196825640970399
319 0.8019207918629442
320 0.6592029535394208
321 0.7125776624382156
322 0.8311199895275019
323 1.1842162548983235
324 0.7008539313165227
325 0.5596859974716156
326 0.8461667847464661
327 0.6637198128791431
328 0.7476889100068423
329 0.8767427747183542
330 0.46366985678506856
331 0.7366348829476858
332 0.9009303737224071
333 0.8175552643485087
334 0.6300167282017928
335 0.8594324064844225
336 0.4953873390190881
337 0.5805939813858697
338 0.6420675733899451
339 0.43721747259981125
340 0.8009644723834336
341 0.7332600695423646
342 0.47806211640334384
343 0.45587101165811494
344 0.5588307884956251
345 0.5618421589320679
346 0.8862456893049636
347 0.5399148249190355
348 1.0445072410163938
349 0.46288524030971406
350 0.671982347289225
351 0.46732441047071704
352 0.5350669374633439
353 0.7136934679305634
354 0.647360840168604
355 0.5031264725026601
356 0.7395757946138175
357 0.35518027406993974
358 0.7934390984743552
359 0.5995995242325268
360 0.8115301014698794
361 0.4540927802745612
362 0.5527337698397888
363 1.019180929068253
364 0.47640771503436896
365 0.5242277556566156
366 0.6991554511972381
367 0.6941837007729894
368 0.7711255274244038
369 0.8662003611803175
370 0.5446669243645482
371 0.9699504969206949
372 0.9911976528270094
373 0.5496842524526518
374 0.7649618835329274
375 0.392496557925296
376 0.7613596821763077
377 0.40619353348820725
378 0.8623474698234895
379 0.5731619107312843
380 0.6836686220866593
381 0.38706146158683724
382 0.7372714987440674
383 0.6450324085233454
384 0.7438639703960828
385 0.6715063336423336
386 0.7960528283975674
387 0.9554553121071775
388 0.48664498655103466
389 0.7135594273987494
390 0.8263889415441797
391 0.5470165757660785
392 0.9338750463171103
393 0.5039037795324987
394 0.5727502222603948
395 0.6035744636970249
396 0.6161767376983885
397 0.7593464343173323
398 0.6427883809176246
399 0.703962038863026
400 0.833410116766535
401 0.887673827313474
402 0.787744829974351
403 0.6466010053184161
404 0.6389729349015338
405 0.6800106202010974
406 0.8103296584816495
407 0.9524204373329334
408 0.6803471061422335
409 1.1063763820888444
410 0.7259920252225537
411 0.5262969262771438
412 0.4084527169525108
413 0.4171331782414186
414 0.9446070432056934
415 0.9153385575269933
416 1.1375328849407103
417 0.7317752811167035
418 0.5696007277696612
419 0.7486300645762108
420 1.0522814504470144
421 0.5166516478393659
422 1.1698856053539044
423 0.6427163766989289
424 0.7295686761909069
425 0.5576504324924466
426 0.6646446037550315
427 0.8650396702727708
428 0.6372355307999726
429 0.5655048661640325
430 0.4818174989163721
431 0.6190209252707259
432 0.5379694309648626
433 0.4760103028005353
434 0.6565400417954356
435 1.1493155103002697
436 0.5821671042965247
437 0.571726872182909
438 0.6448370824882864
439 0.8372821843934773
440 0.7332654362183251
441 0.658480681306237
442 0.727356359985892
443 0.5634583644021235
444 1.1165849815413997
445 0.6991421185091566
446 0.8576145998471195
447 0.738808477707136
448 0.6981945295371751
449 0.6940873842195939
450 0.532434656906925
451 0.7413825314883469
452 0.5777799040888588
453 0.5829635024973868
454 0.6648624749075129
455 0.5684900884756351
456 0.7420107901167965
457 0.8375318733963779
458 0.44454753526645185
459 0.5787131957534133
460 0.7962341648838944
461 0.622595813889762
462 0.7659593938719278
463 0.516477907112168
464 0.6301197821688155
465 0.7464993528450264
466 0.40994476276762654
467 0.8607451503667255
468 0.5378505059114268
469 0.50470630955347
470 0.48049499243259197
471 0.6248443763078011
472 0.6304616074305393
473 0.9219451196396138
474 0.6649956750353231
475 0.8164154960066998
476 0.729259060474918
477 0.5389742131875117
478 0.8547430225064825
479 0.5680124179289233
480 0.9559820648806537
481 0.7058892606253423
482 0.5506371807351511
483 0.5105717752789393
484 0.6507437180459942
485 0.7442529646128963
486 1.1865465967038946
487 0.511087111278437
488 0.4593465917339756
489 1.077494101236031
490 0.7993585199644988
491 0.5761269916695932
492 0.8312721795840874
493 0.9206849316098163
494 0.4993669354140603
495 0.5573546958342576
496 0.5228391680057167
497 0.5888127811298143
498 0.4910815031638809
499 0.8507044465854187
500 0.6139778637662916
