1 4.73976935995935
2 5.356388960466218
3 3.805005785831114
4 4.8814433610932415
5 4.099791005424986
6 4.1719447671929
7 4.5244822388301875
8 4.0673395231824685
9 5.4470649123986465
10 5.130123076666216
11 4.087191650461766
12 4.283100920669691
13 5.000649838123253
14 3.5462282202248083
15 5.428740307204778
16 4.699093365922612
17 6.134519966643752
18 4.344422998531819
19 3.9895055431977773
20 5.891985294942197
21 5.414138361860833
22 4.767957344176619
23 3.584373224008657
24 6.440492340618941
25 3.94727358075569
26 3.806303905181149
27 4.238795455615563
28 4.276597684745443
29 5.168265874387956
30 5.416001189672269
31 4.675231425240628
32 4.951519591102038
33 4.918995665533055
34 4.266261809811068
35 3.7875693100262806
36 4.583235357407678
37 3.839094160355495
38 5.062118013859896
39 5.392878154254191
40 5.675894421445541
41 4.71828816103798
42 5.141966947045081
43 4.6682898361866005
44 3.6289428048034105
45 5.735015636766355
46 4.905678907300287
47 4.661378768814773
48 5.14415339215065
49 4.1559755403946514
50 4.489816699516638
51 4.421671787916572
52 4.370943179109298
53 5.094532400417869
54 5.8067160190805245
55 4.425539848345286
56 4.359090564009795
57 4.524379042151985
58 5.052805060622846
59 3.9256787554647437
60 5.250994093658594
61 2.966112084842557
62 4.9396747456873005
63 3.8306092701518346
64 4.685208975382426
65 5.030664544736014
66 3.3228990340559927
67 4.885649944353875
68 4.311777114620924
69 3.522455612281639
70 4.462521290060138
71 5.177401541755059
72 4.734400997758073
73 3.573733753337943
74 3.9120709956112587
75 3.4113642515747116
76 5.433233070713391
77 3.666369106975539
78 5.148838499786846
79 4.083308594776775
80 4.5977951988495995
81 4.442003080359431
82 4.228023581426914
83 3.9510115899090956
84 4.754423919028048
85 4.4634660723555815
86 2.867963111790828
87 5.558153210932106
88 4.826056077129282
89 3.261010982285729
90 4.6105456716353475
91 4.6526316579208045
92 5.122297325255138
93 4.178314220420753
94 6.173249302285821
95 6.392142078411215
96 5.058389054551248
97 5.045191529917087
98 4.651940220228419
99 5.229027395111161
100 5.639975887874386
101 4.159535573499268
102 3.20107037766455
103 3.879459287671515
104 4.4258716163752645
105 4.214761702780825
106 4.599609316461467
107 4.145482516061614
108 4.287216467586169
109 4.434688279358591
110 5.991604675080956
111 3.4921199903057434
112 3.999184702352922
113 3.763115720654957
114 3.9206807958526797
115 4.4848245994513904
116 4.275447200796506
117 4.234560840260894
118 4.21438857549133
119 3.0763650930838797
120 4.778301685208614
121 4.5427920277584315
122 4.215555196943279
123 4.064350576393074
124 4.741863910645574
125 2.9138747905637112
126 4.503533348664752
127 4.338761289716588
128 3.5590034174895604
129 4.327772776896784
130 4.307697348627316
131 4.6146524850924475
132 3.4061343451353783
133 4.620231702495489
134 4.450533899849816
135 3.7838259487458563
136 3.8929402792806775
137 3.884954634223056
138 5.799772051814357
139 5.189911858582497
140 4.240643094466286
141 4.551179089909777
142 5.190000115087944
143 4.757561153884371
144 5.701363573222895
145 4.681321685292949
146 5.490447226666643
147 5.698523945292378
148 4.452880469114205
149 5.007087908773949
150 3.8954145281747885
151 3.9228855018431843
152 5.242739058428258
153 4.432115279582365
154 4.349916941533551
155 3.3327097444727496
156 4.823351028709532
157 3.8094293098063026
158 4.2980778858530435
159 5.021567564688987
160 5.284810650146859
161 3.6872528540086074
162 5.36890350176046
163 5.638919678013171
164 5.450463851925289
165 4.460429249803686
166 4.036947778076009
167 3.1412614307133304
168 4.509085182819492
169 5.668469286288016
170 5.383738228673222
171 5.126041225748504
172 3.53059568165019
173 4.255996020719883
174 3.6440000093327303
175 3.4491609726317565
176 4.179143316063962
177 4.550510844611214
178 6.185233831226604
179 4.419927406604812
180 4.31758633776963
181 3.4238241867894357
182 2.824660574463805
183 5.007658423112324
184 3.5105634430226194
185 3.8461740719330413
186 4.340892009784567
187 3.3413440548369726
188 4.042128776076863
189 5.384162971851321
190 3.6196635673164668
191 3.856280795966343
192 4.143865741651104
193 5.6325887568557595
194 3.6661464241550186
195 4.852599996147964
196 5.175959049339443
197 4.0577934260374935
198 4.496356378958954
199 4.0715971811466405
200 5.830582678364853
201 4.792463641482608
202 4.158698445435601
203 3.5735513455703183
204 4.2979001608502685
205 4.555757890227144
206 3.975638674512856
207 4.03040930022282
208 4.387706647914143
209 4.604033987720723
210 5.228831835178998
211 4.1862578534603205
212 4.874672282584754
213 3.2584153745585285
214 3.9409217802875256
215 5.4034593689383685
216 4.583269256552616
217 4.802041338476374
218 4.65203048904088
219 3.8007443659083027
220 4.92767546599154
221 5.047524737111765
222 4.80321327332908
223 4.212510621561618
224 4.61536978755386
225 4.884235777385919
226 5.133673734456292
227 4.128918100345045
228 6.096257172003213
229 4.792571959202967
230 4.531776297371754
231 4.272630765305254
232 4.049007409306908
233 5.6956024441956075
234 4.9894028325826785
235 4.771884709366347
236 6.7349115879737775
237 3.5031983145380177
238 4.881286320705647
239 4.499052982809846
240 3.9531050203375013
241 5.5298572299163204
242 3.7242595913575456
243 5.591913558039586
244 4.751582748003846
245 3.984491565995456
246 5.294001459662124
247 3.144024454803417
248 5.200124457671788
249 4.567446038879067
250 3.398616645320806
251 4.445979654047743
252 2.666323755636937
253 4.675172268940227
254 5.453531755644179
255 5.966470118431029
256 6.181439350186319
257 5.942774157932428
258 3.9259121773960963
259 4.096247813834566
260 3.863510299231405
261 2.995705373457495
262 3.5365970193114262
263 4.666186201904651
264 3.6012019609712187
265 5.513317020917266
266 6.483562879727763
267 5.180736792006336
268 3.4729411723816557
269 4.036460608873416
270 4.303969483454558
271 4.128496091636625
272 4.100372084847916
273 5.664244206318194
274 4.595437304505157
275 3.484762067596492
276 5.047857799926234
277 4.684364353649899
278 3.781249657473236
279 4.896902652658163
280 4.380856538318517
281 4.79151838425639
282 3.9092154309756717
283 4.830576460445246
284 4.724607063495722
285 3.4814806684032273
286 5.173248744250961
287 5.9318859928065955
288 5.453921590907373
289 3.6980226447087303
290 4.477222288142602
291 4.226986157798619
292 3.7150891123454817
293 3.8682492182359893
294 6.030696198917291
295 5.234256830736264
296 5.057453712525945
297 3.8063121763931917
298 5.62049906245065
299 3.077886634542633
300 4.016248870037478
301 4.843910277261989
302 3.548464070927815
303 5.492698298261652
304 3.7746084728919445
305 3.032378007682198
306 6.02126912532829
307 5.213725224426715
308 4.181184063912897
309 4.048053780354485
310 5.5964124780576086
311 3.356288683640135
312 4.420414349861536
313 5.055809909448394
314 4.892950902292528
315 4.842892773402642
316 5.160278804121594
317 4.501867725184181
318 4.309445725563525
319 5.371534546106653
320 3.6215517633798515
321 5.9456771040609455
322 5.38388415722347
323 4.730173387389043
324 3.9697814676537764
325 5.053957328670738
326 4.66844300863508
327 4.715527847149663
328 4.418338915529696
329 4.385847265777211
330 3.875894939191063
331 4.571939093723319
332 4.350105063878025
333 4.3999566710061915
334 3.9481246996253354
335 4.348850909608988
336 4.828476539012573
337 4.631227928193501
338 4.935647124651273
339 2.237904609109609
340 4.744075780894748
341 3.6587106490880483
342 3.54015254573623
343 4.082316470051967
344 4.514663064630548
345 4.9588801882775675
346 4.182280391812598
347 4.7625019241034945
348 5.214308748196913
349 5.619052594546659
350 4.595477678248998
351 5.34071333626441
352 4.501769963274948
353 5.427702187695188
354 4.113695636383974
355 4.978604493432644
356 3.705789878398292
357 5.598682040545572
358 3.7678965561696742
359 5.063183482604356
360 3.2776286060071325
361 5.37652325319242
362 5.282438004393479
363 3.2968113096914387
364 3.7131353203336115
365 5.79494738801428
366 4.3921219412257315
367 4.808236538262119
368 4.827740055532605
369 5.126826878028626
370 5.79678244902778
371 4.177615852199138
372 4.201011921820802
373 4.710923981846002
374 4.250599910379397
375 4.584246331375456
376 3.062035722972691
377 4.886762558976636
378 4.0726506280138395
379 4.7706824074567775
380 5.242807841988158
381 4.62232198939031
382 3.8702044825414634
383 4.711629742339576
384 3.6265067123216763
385 5.085800401799466
386 3.3823758187823016
387 5.500019957702562
388 2.8058648287241925
389 4.969475868078897
390 5.533494932181666
391 4.716798523675633
392 5.8416027596527
393 5.949483406648144
394 4.866085013638737
395 4.7877637686500005
396 4.401296626902922
397 3.9623706313915905
398 3.6905783947918005
399 5.214578734167482
400 3.4207090178415744
401 4.389659597828096
402 5.503234538136035
403 4.64589794320089
404 4.429155843590355
405 4.554644573254967
406 5.888941917081313
407 4.934645120522325
408 5.540342842175539
409 5.745861300199631
410 4.5004360012319085
411 5.003132550697444
412 5.145721987070088
413 3.473501916062933
414 4.751027014544317
415 4.0011063585651145
416 4.547715392369589
417 6.592625149498166
418 5.610803364289888
419 6.2193729102666655
420 5.2076295643938355
421 4.000398109930784
422 4.556885135016462
423 4.931139535741871
424 4.284301561644413
425 4.590177795975251
426 4.919542718096187
427 4.085869502657628
428 4.883411753444213
429 4.971401137282448
430 5.5228818173591705
431 4.181618675940842
432 5.274750229643836
433 3.6618300631239555
434 4.315250946635416
435 5.1047283040471445
436 3.1520128110821948
437 3.816963091893263
438 3.41673579122869
439 5.120393199991626
440 4.986084034914311
441 5.818091710454766
442 4.508784614946902
443 4.691564278746856
444 4.114486678011519
445 4.3876792225931505
446 3.648601797410966
447 5.440943790796785
448 4.32147339293028
449 5.261997962458241
450 4.2533058935154715
451 4.128445786461995
452 4.20546181910933
453 4.177900810149104
454 3.643864254700234
455 4.102060535296793
456 3.8472261554492824
457 4.735493129708215
458 4.859439527343081
459 4.69350776329714
460 4.6677906419729975
461 4.573547274920369
462 5.460570171618085
463 4.1556594054046245
464 3.899198117092442
465 4.9871712725431845
466 4.4639913199985575
467 5.101905188919907
468 4.32474636511124
469 3.271848279565581
470 3.620069130436018
471 4.101651632018799
472 4.423223068662925
473 5.364520511644788
474 4.979508124325451
475 4.6130050071245465
476 4.079431435617866
477 5.762200175905729
478 5.571892567112898
479 5.2218250517968015
480 4.763527958346506
481 4.368591177800553
482 6.775348976290818
483 5.397021285990588
484 5.00582526803547
485 4.776780363799688
486 4.574182420082472
487 4.861516626189094
488 5.234575668443515
489 4.185261320273912
490 4.585923317414595
491 4.516134551229249
492 5.993452684583814
493 3.7696451780851477
494 4.637668428248997
495 5.008037925850698
496 6.408113696578011
497 3.862006297387806
498 4.101529103941694
499 4.96956667959226
500 4.372475985421109
