1 16.333526205517604
2 16.94650839448574
3 16.385553601939012
4 16.83928373530654
5 16.416882053910275
6 16.843833303345217
7 17.164829656668225
8 16.461408817106914
9 16.54834395281169
10 16.84387939363201
11 16.84088007760394
12 16.479977318955395
13 16.158873708852024
14 16.92643506549195
15 16.44328295565811
16 16.463624161722656
17 16.516078152659883
18 17.265599663692942
19 16.98712412177774
20 16.616618588855964
21 16.322931147626647
22 16.9674638165763
23 16.572712456444545
24 16.952479080242142
25 16.538134058848097
26 17.128402082781136
27 16.26929519488345
28 16.42398101951695
29 16.107491063241426
30 16.337898671509883
31 16.383593684509105
32 16.57741413039343
33 16.889731675571706
34 16.409571812135486
35 16.819049876560463
36 16.56358358317597
37 16.67068020957638
38 16.79188379823215
39 16.78866696537598
40 16.60932464403652
41 16.389888167345106
42 16.56315353457192
43 17.021048677493248
44 16.670686828921678
45 16.800134746923742
46 16.86310606959316
47 16.567162249836866
48 16.350786552877082
49 16.429625880818985
50 16.715367131751776
51 16.55070825537226
52 16.852776271607077
53 16.92041922997139
54 17.210486788906387
55 16.99632759084906
56 16.50419086786357
57 16.370816394734614
58 16.592833662808967
59 16.437357367371934
60 16.487592178167937
61 16.626087662378843
62 16.628942136968735
63 16.383966898279613
64 17.204974347899253
65 16.77614240990609
66 16.51381352299549
67 16.649855188264954
68 16.856810850021414
69 16.631915629166606
70 16.71019455854028
71 16.71945403235531
72 16.673034722124616
73 17.151023943697677
74 16.826447678472697
75 16.79565406093686
76 17.04061616747632
77 16.552949644827294
78 16.272062067195645
79 16.472665425979507
80 16.994664501620115
81 17.05305240970724
82 16.764136747734778
83 16.50599278443838
84 16.70351047080187
85 16.698402654491186
86 16.91102971296087
87 17.022776156027128
88 16.472779168507973
89 16.362553205978575
90 16.62536613385649
91 16.804939877812174
92 16.60571650858436
93 17.07260865866372
94 16.512418745470384
95 16.5370319171038
96 16.75336232210489
97 16.417263570375955
98 16.560025854913746
99 16.83713398918486
100 16.875399966245258
101 16.471125119725905
102 16.652800006198916
103 16.49041391806783
104 16.44407094799658
105 16.996397222608547
106 17.24018949207548
107 16.65032558867128
108 16.901934601658148
109 16.79115648766902
110 16.84021830557526
111 16.464231286477357
112 16.573454436042308
113 17.583215658206555
114 16.372607836157215
115 16.58481392693097
116 16.27521918180029
117 17.154311552588954
118 16.523073378135187
119 16.89345770221666
120 16.241505108807363
121 16.673581073737214
122 16.627432771408774
123 16.861131594738186
124 16.426885042737116
125 16.27514981024843
126 16.24044069430922
127 16.97354298867673
128 16.80223284261626
129 16.90706594625552
130 17.199093995730067
131 16.561943864715893
132 16.44428487158149
133 16.775342934477255
134 16.877975681455954
135 16.40005157577831
136 16.41997897727567
137 16.546788235275546
138 16.53418725314247
139 16.638752287581347
140 16.42962872055446
141 16.898009632773686
142 16.346401759714787
143 16.381147137289744
144 16.74288675363477
145 16.728238780427738
146 16.714551746058472
147 16.065287290271872
148 17.03507580421679
149 16.62848367467769
150 16.805520336299274
151 16.910704368185254
152 16.494205277522067
153 16.817960864298335
154 16.811372740487386
155 16.693074680542846
156 16.038884713291665
157 16.751548429438262
158 16.92414396510962
159 16.40868175372205
160 16.65401303920379
161 16.932628634873357
162 16.715288988368908
163 16.39111699428027
164 16.482962679219593
165 16.32991268947189
166 16.764345822388396
167 16.941658072926742
168 16.879730608788144
169 16.798873055049526
170 16.602465616201215
171 16.615092236987753
172 17.218022057372913
173 16.713417006174883
174 16.80659533180147
175 17.11757656103945
176 16.535675476155376
177 16.665626438556515
178 16.658641009711257
179 17.48125305345957
180 16.75978480339341
181 16.603902790276027
182 16.95455087461868
183 16.932659091336173
184 16.575438838388397
185 17.01436889578821
186 16.6885257857974
187 16.68894372101496
188 16.734596633809083
189 16.287283695232894
190 17.14149239690214
191 17.186883016580314
192 16.674458185319352
193 16.2911812315018
194 16.60414809791565
195 16.494795687137024
196 16.759233098974637
197 16.953203427703375
198 16.56390143464656
199 16.97404090917699
200 16.571034152615386
201 16.981296274234413
202 16.869876367952394
203 16.75779739410699
204 16.95751253967067
205 16.869204410027567
206 17.1729350948983
207 16.804025787151257
208 16.809165863202985
209 15.92389143069761
210 16.833207478657712
211 16.56334094671782
212 16.489631075755927
213 16.27565785491569
214 16.313519544886354
215 17.124250991274028
216 16.588126632836122
217 16.51285167508216
218 16.364582176893492
219 16.949142896752765
220 16.918532400860414
221 16.77063325334313
222 16.339737693402295
223 16.16505448868798
224 16.78581557357126
225 16.963260474469514
226 16.757179280828723
227 16.555419255626667
228 16.657414050090896
229 16.685738849396863
230 17.375018703576703
231 16.467885286697857
232 16.82101517564853
233 16.793459867857287
234 16.173063635228917
235 16.843828682129008
236 16.965494039770977
237 16.62752382378661
238 16.491621227539078
239 16.814029298485696
240 16.834997705572473
241 16.413581040331486
242 17.273468459347455
243 16.698315565374937
244 16.591564220732
245 16.467907193216046
246 16.732207015013696
247 17.416703271661305
248 17.15898943795435
249 16.690304385590323
250 16.372887661710912
251 16.427392366023565
252 16.381592430814724
253 16.524391353725036
254 16.543207715937072
255 16.801187971280108
256 16.313210114481993
257 16.933563874789087
258 16.15717591173436
259 16.467414646929484
260 16.57774220342889
261 16.252041913794844
262 16.334077744287374
263 16.61177244664856
264 16.909799679603534
265 17.0057462335432
266 16.776958168536503
267 16.311140806040513
268 17.062871589351072
269 17.53508740830245
270 16.86400098784934
271 16.550506217185085
272 16.326381294880285
273 16.84847043447542
274 17.17376636533025
275 16.643037029957924
276 16.46164839562375
277 16.964804854200747
278 16.490513893700108
279 16.85420848639318
280 16.622343833862157
281 16.439066615264803
282 16.30775840441593
283 16.564447432823485
284 16.498454835499547
285 16.809915783964964
286 16.96766794299453
287 16.340351445454676
288 16.460177096992812
289 16.720472817270203
290 17.10861922526453
291 16.613567837181595
292 16.91601115721679
293 16.51474279917401
294 16.82045412601603
295 16.530203581612483
296 16.557092035235645
297 16.59172126741594
298 16.343934645911848
299 16.42725262304402
300 16.01583296721091
301 16.41650923936514
302 16.91892555204034
303 16.704571562957902
304 16.792036738649987
305 16.54435150087578
306 16.819184676495297
307 16.38182883634479
308 16.362802528988315
309 16.571587533099873
310 17.119691414491307
311 16.87879008922829
312 16.61989602902601
313 16.689258301927232
314 16.29809815423993
315 16.561160736282737
316 16.9213044220153
317 16.91794821650397
318 16.350802008531517
319 16.72916395380719
320 17.381414553080372
321 16.515014847961297
322 16.859845550024716
323 16.919725582961643
324 16.263242722572638
325 16.57226807296305
326 17.07334567332812
327 16.795155092064245
328 16.801656838403495
329 16.882559366213766
330 16.656603400910974
331 17.17697066257947
332 16.813229665376685
333 17.25496223139795
334 16.16182092172173
335 16.822311563464094
336 16.476801872510723
337 16.937442050198534
338 16.55103018054729
339 16.53499704768442
340 16.53566377993211
341 16.882263219267344
342 17.172141224814222
343 17.193341777273076
344 16.572648568362464
345 16.871870652231777
346 16.740864409348532
347 16.733668451236866
348 16.13288484275096
349 16.212196131747728
350 16.39137214124872
351 16.451229385850723
352 16.540657599598585
353 16.686045376235953
354 16.965598592077892
355 16.19376065178925
356 17.03155529680623
357 16.513441674379763
358 16.729088247224638
359 16.42797475485934
360 16.55775112971871
361 16.855938871344858
362 17.329974992958544
363 16.983713726245384
364 16.72566365944355
365 17.000856307922007
366 16.98085734318959
367 16.8627319459966
368 16.541231186133846
369 16.842510615877526
370 16.96168442105982
371 16.61439319548395
372 16.1412199910025
373 16.528596566772922
374 16.897321047679707
375 17.08495407860964
376 16.671340367871796
377 16.594363386242563
378 16.694006701273743
379 16.651875411579635
380 16.404384186927118
381 16.628870420899883
382 16.991420818788583
383 16.90647684475055
384 16.170903397983267
385 16.972689984851478
386 16.65354130844909
387 16.673305468152336
388 16.511894930252755
389 16.713058642563556
390 16.934631089799126
391 16.73930640295585
392 17.267976475382046
393 17.43935402560189
394 16.842465268317852
395 16.928068978438095
396 16.41198650002016
397 16.57376452495077
398 16.37786954642232
399 16.538709381633883
400 16.557072355647374
401 16.61614327734564
402 16.54308214762499
403 16.963489088772565
404 16.643383081827363
405 16.9445282347487
406 16.45041233147242
407 17.016905199005706
408 16.368814537903287
409 16.210129859362837
410 16.215237027113588
411 16.36492359834166
412 16.80458362947167
413 16.569811704331343
414 16.132458243028218
415 16.659814234804045
416 17.03119519381478
417 16.78869772041836
418 16.67899881065425
419 16.494671972649623
420 15.856634816745096
421 16.815639390939364
422 16.954610260954443
423 16.698335767510837
424 16.62263641149534
425 17.02438350239712
426 16.93076855238146
427 16.929878288282957
428 17.07850309643415
429 16.602511078053745
430 16.11796151467302
431 16.49195624947091
432 16.66532910888343
433 16.4739410738879
434 16.66144955356106
435 16.72129740843042
436 16.966362174208008
437 16.227900373662504
438 16.879207701543013
439 16.63530912695337
440 16.59730731240881
441 16.89521511960967
442 16.814507895671905
443 16.992828451804915
444 16.828744609699555
445 16.270606773909098
446 16.795569232199114
447 16.36662735620262
448 16.82438885259557
449 16.85098931825401
450 16.486925738839684
451 17.104495127310265
452 16.915567967853836
453 16.363474485873276
454 16.83259301580998
455 16.449750075310966
456 16.542843397272517
457 16.69288392964515
458 16.444387255509078
459 16.359098852485182
460 16.848134994988612
461 16.504241107321466
462 16.36517187796552
463 16.910462963200352
464 17.016891535299788
465 16.798224132464462
466 16.60524827775357
467 16.480877569615167
468 16.531185489378913
469 16.97234849384518
470 16.370171577282424
471 16.686810722229353
472 16.921284542078812
473 17.043942637022482
474 16.890075234944014
475 16.910177963268676
476 16.75205712809839
477 17.0252943884985
478 16.588158119560234
479 17.024753188510456
480 16.79439493341012
481 16.511569454679858
482 17.117231952399706
483 16.185799448087693
484 16.291222831976757
485 17.122422925464694
486 16.352608896623668
487 16.702234016675906
488 16.413501128237655
489 16.814227394522774
490 16.931865543823527
491 16.524534470493577
492 16.38196170329921
493 16.79692829848908
494 16.3965155424224
495 16.064277327160294
496 16.489040683074574
497 16.434446681086786
498 16.68120257858844
499 16.241898673256742
500 17.03411353076581
