1 15.58157313126263
2 14.881662389531108
3 14.42120145182585
4 15.187227714946244
5 13.856323679238294
6 14.251714226660885
7 14.430707399350077
8 14.43970819575401
9 13.969040392999007
10 14.690472107322247
11 14.675963528647815
12 15.390374917167172
13 14.72364209692931
14 15.499162589190153
15 14.571664734758825
16 15.127917945843343
17 14.549402837361574
18 14.45705951135441
19 15.414510272192155
20 14.754761939748798
21 14.894329502985972
22 15.251397482297374
23 14.48283941429095
24 15.427275458124894
25 13.925102165042484
26 14.80086204623276
27 14.13945545559549
28 15.21603582118706
29 14.843723292087725
30 13.583217778228871
31 14.453746470646466
32 14.93754532319928
33 15.502785323385565
34 14.165063696769385
35 15.066496548127336
36 13.574165290106755
37 14.181945711324389
38 14.542287931868051
39 15.148975377161856
40 14.117300737166431
41 14.532710245593012
42 14.96272313760402
43 14.815921099178581
44 15.360921321800914
45 14.965488788222892
46 14.978022509301224
47 14.676914397372368
48 14.224902365701624
49 14.912279486808103
50 15.618021323193087
51 14.996355920825394
52 13.886209599439555
53 14.886256134071074
54 15.13470342023246
55 15.271670087753328
56 14.436246230306269
57 14.714101045775317
58 14.334112791184774
59 14.739097126258418
60 15.176635857666074
61 14.349141268428095
62 15.591498945684283
63 14.039603430540554
64 14.273534571204094
65 13.996960308868927
66 15.151817843124286
67 15.26419887656538
68 15.460614263446319
69 14.821931132835477
70 14.581907832983887
71 14.449815029226118
72 14.667216639220838
73 14.492373462161972
74 14.283612781268394
75 14.71743022973664
76 15.096545559608623
77 15.02270927928282
78 14.382608864647064
79 14.910388958010254
80 14.02005993177414
81 14.87985123412551
82 14.975486998301005
83 14.48592821931703
84 14.667330026791767
85 15.130516670411746
86 14.112805793202174
87 14.633050682351467
88 13.743177493592524
89 15.51820147896888
90 14.184138234469708
91 15.376216306248
92 15.074926998714393
93 14.447575723739373
94 14.53412515448501
95 13.633788567131965
96 15.618080708170684
97 14.019518987514324
98 14.965428099470087
99 15.037805441223538
100 13.910849547087588
101 15.675664611119572
102 14.318762507419612
103 15.003887296486527
104 13.88420628489109
105 14.792667320228565
106 13.814126144585233
107 15.453638918456972
108 14.427049237424253
109 15.19491042214224
110 14.96581945543192
111 14.432603459158935
112 14.39479891114634
113 14.683689758072907
114 14.013137749011575
115 15.544243775206661
116 14.305294575175566
117 15.215397831053538
118 14.674280497674228
119 15.311369207813474
120 14.934038322349018
121 15.535603748593813
122 15.291526683586618
123 15.034637720680442
124 14.07011681638584
125 13.811579121577612
126 14.444284049875934
127 13.574395437235298
128 14.658750441251673
129 14.125989690086305
130 14.324909462368211
131 14.799846999497055
132 14.808074469325868
133 14.815476141841591
134 15.180188516260914
135 15.0967450666945
136 14.91635555715586
137 14.885515149965945
138 14.106908682188077
139 15.198279545499199
140 14.130708926581729
141 15.296614699396915
142 13.993832113211798
143 15.186143314033872
144 14.730665725878715
145 14.518225871233865
146 14.94315659485205
147 15.054723940092337
148 13.857540587892398
149 14.410571737032441
150 14.391542118589022
151 14.86729754672898
152 15.000498627517453
153 15.359691316434905
154 14.173344443375338
155 14.645841755894326
156 13.860949528621855
157 15.070349449224768
158 14.46491476370856
159 14.761718182836505
160 15.302471715595008
161 15.207152312791372
162 14.944217801174842
163 15.624644896665407
164 14.479145974538188
165 14.198064520332153
166 14.96272030687714
167 14.987127784470804
168 14.854400070401203
169 15.457671066178106
170 14.144519014512946
171 15.769718060582576
172 13.858337731675675
173 13.723590822615952
174 14.902128401400782
175 14.245928735663751
176 14.469824551532724
177 15.370476787512889
178 13.999524170383731
179 14.819577050278648
180 14.531160073359722
181 14.430163784008874
182 14.823434959894298
183 15.327821181752906
184 15.062979440257259
185 13.954750185363174
186 15.57693620815704
187 14.578201774230099
188 14.383034951325815
189 14.248480399270115
190 14.661125187936754
191 14.811117697158462
192 14.931823526848488
193 15.205667796113152
194 14.39758544183802
195 14.90445640117901
196 15.095830746490567
197 14.162662411594692
198 14.859352772672244
199 15.095425582293233
200 14.946517706542716
201 14.864324267487437
202 15.086121186231033
203 15.500251767998458
204 15.426654256303184
205 14.609283007711348
206 14.734192555474852
207 15.198979850480063
208 14.919620980300145
209 14.44895903444105
210 14.161188103599795
211 15.480146337713007
212 14.602415301522125
213 15.039615379035
214 15.142589022041909
215 14.64703284213409
216 15.69712646910355
217 15.218656129657466
218 14.84699513114653
219 14.421511092429984
220 14.52163569235785
221 14.838550420835551
222 14.82447931493399
223 14.52321110088429
224 15.715349118403408
225 15.601379948104475
226 13.51481668780616
227 15.087959316748833
228 15.088347760052164
229 14.12474240173677
230 14.648035088195222
231 14.3191724906747
232 15.622679543444145
233 15.001439604447631
234 14.519682894718542
235 13.959799155031416
236 14.258257835319936
237 14.919887352259837
238 14.82618404365126
239 15.153032716646322
240 15.053615605727233
241 14.514802712227725
242 14.68625883368187
243 14.309819001786185
244 14.769312043498779
245 15.213219993862152
246 14.79803832657076
247 15.223218155082392
248 15.60830732089594
249 13.863253161575976
250 14.474791335750073
251 14.129683286395803
252 14.785178167898206
253 14.6178516109032
254 15.219411892762237
255 14.715130206773226
256 14.127355225995679
257 14.387708471286462
258 15.807927601486401
259 14.131576924985938
260 14.334243256969883
261 15.119781861794408
262 14.163552652009752
263 13.86924751477937
264 13.770836882980642
265 15.063731598233995
266 13.870482587117445
267 14.696540066417496
268 14.739802559744874
269 15.689468723520234
270 15.360695881589493
271 15.193761486126121
272 14.215738336634756
273 14.9165114821455
274 15.103851841224781
275 15.353129493267202
276 14.981169939562774
277 14.71654219115723
278 15.267572020928453
279 15.382728727271054
280 15.437415051276002
281 15.613837365777544
282 14.881546876928653
283 14.800350486043682
284 15.828671035771892
285 14.727250889646267
286 14.35715149776365
287 14.957639633788567
288 14.39338079110455
289 16.178890646833338
290 15.617395290414306
291 15.026786131750782
292 14.891194244578125
293 15.730118991193997
294 14.94948851320602
295 15.66976034631212
296 15.271359946394492
297 15.797625132955806
298 14.961853986945272
299 15.097288262213059
300 15.689229610335474
301 13.819105022190396
302 14.113555695492709
303 14.32066789466602
304 15.161394290665456
305 14.192708324935893
306 13.791687019941966
307 15.466690319051581
308 14.485377384860508
309 14.013647909000136
310 14.82898270342297
311 14.976945616561917
312 15.018086950399326
313 15.077104171448045
314 13.836775056397828
315 14.354857768988266
316 14.962502331695058
317 14.194647597146604
318 14.959513310271966
319 14.317985900415039
320 14.351254612697872
321 14.486857669704284
322 14.545657100234521
323 15.367896071475682
324 13.666091208232556
325 14.795998184203079
326 15.333475393544655
327 14.903227086598998
328 15.637768184107571
329 15.48388703679965
330 13.736631561209137
331 14.219219969765687
332 14.578983444085262
333 15.059807516680893
334 14.299367546986403
335 16.037529429343287
336 13.839346151118354
337 15.191081768148617
338 14.965531266833175
339 14.764382390106714
340 14.622575524251628
341 14.353084027835896
342 13.97062560802758
343 14.986538056334204
344 14.629775046103555
345 14.705951726938894
346 15.140560551587908
347 15.388277310603272
348 14.758637648900555
349 15.000826567393842
350 15.181155225115509
351 14.50729083620633
352 14.449040193135257
353 14.974337232579211
354 15.171908269453086
355 14.804918081823914
356 15.333840453916693
357 14.56405390355294
358 14.923414644634496
359 14.573246176601797
360 14.8275697487616
361 15.67091384244552
362 14.570198228216377
363 15.266270431710774
364 15.133009675279315
365 14.437479621385076
366 15.324495203167995
367 14.911993087342832
368 14.295145268929424
369 15.063990445467006
370 14.357592804916512
371 13.8415791540118
372 14.347547196414897
373 15.652867637208056
374 15.070731870504138
375 16.27433931319596
376 14.756530362625133
377 14.145139733722596
378 14.989754711235312
379 15.89895724672223
380 15.53672415409623
381 14.70682766415946
382 14.968413277950871
383 14.204480626189172
384 15.443618448605275
385 14.324398043447195
386 13.70036975655484
387 15.213412430381487
388 14.942956748268651
389 14.287906307123547
390 13.590838391883455
391 14.994098821065945
392 15.239232033906525
393 13.855283599965626
394 15.128465083927491
395 15.602161270991955
396 14.590860292686239
397 15.644856624360472
398 14.649464334453532
399 15.787908673785257
400 14.642951406308885
401 14.790598442714913
402 15.024840373979325
403 16.202533728420764
404 14.988596783466125
405 14.70789173850748
406 14.721905602757268
407 14.450796260689874
408 14.711521383148769
409 15.55942696645812
410 15.302964412689555
411 15.019354832829263
412 14.376579795262428
413 14.526610432562702
414 14.137375625782585
415 14.281964478068634
416 14.837624230450766
417 15.175239186755014
418 15.488752412768667
419 14.784700218819081
420 14.541575192343467
421 15.806747421011641
422 14.271276615485007
423 16.193349865701084
424 15.000629871190194
425 15.121186696831057
426 13.594535656011235
427 14.446949574490713
428 15.360421280550637
429 15.99799852639184
430 15.887892017047758
431 15.417311676420198
432 15.85510946468506
433 15.652056690140059
434 14.27865213089246
435 15.955268322349648
436 14.16080966783168
437 15.06205187478145
438 15.165294832531906
439 15.096279224029127
440 14.844015235967426
441 14.91444102511558
442 14.239837383054502
443 14.762125377233515
444 15.966322519983112
445 14.258313018004312
446 14.026931894520354
447 14.42954448441134
448 14.729988924559407
449 14.599355190048104
450 14.81467461310918
451 14.86368613878985
452 15.182725148964542
453 14.725794081531436
454 15.40779972109358
455 13.632930619727787
456 14.606024104903826
457 14.397343642750942
458 14.997071378241188
459 14.576175923315393
460 14.604225394161187
461 14.94676804151835
462 15.03422132189537
463 13.014064261893528
464 14.98331940846516
465 15.444933265847217
466 14.717398162076183
467 14.526247498570822
468 14.302340051254085
469 14.71185037241243
470 13.841476181549204
471 16.032216168003792
472 14.448201458991244
473 14.043734828192202
474 15.957524246927674
475 15.966760802736452
476 15.857471854302887
477 15.747993143114153
478 14.792577382421033
479 14.703896196650089
480 14.43740807292178
481 13.96825090567258
482 14.556718900738488
483 16.27121481790097
484 15.228672234236548
485 15.073249506427356
486 14.013025666622033
487 14.722014210826817
488 15.24416704425033
489 14.920594356246799
490 15.096122653731658
491 14.614165298818675
492 15.414500549833884
493 14.100774945865757
494 14.13457508917
495 14.709473469500136
496 14.865312385988306
497 14.880434883010295
498 15.350071221967037
499 14.449766743902748
500 15.393122126130763
