1 0.8307362751298512
2 0.5952807597937153
3 0.8024428512079109
4 0.8645602617297702
5 0.6647698817589147
6 0.9443488630091315
7 0.49017355202346624
8 0.5146353188277331
9 0.7114157655318208
10 0.863109805983845
11 0.7259936795178625
12 0.7586789888280594
13 0.6836571978276208
14 1.1398785672051654
15 0.4877075893382212
16 0.7300930941502952
17 0.7420382586781168
18 0.538280153089502
19 0.5468371468516426
20 0.79500022313695
21 0.3655383294352344
22 0.7656140443075251
23 0.6405951345333116
24 0.695437415668535
25 0.7618641284786084
26 0.64660987609586
27 0.758119205020055
28 0.7237137656721783
29 0.6699576105185734
30 0.829491322453634
31 0.702843504378799
32 0.3870975697721507
33 0.9062041606796544
34 0.6634307508188999
35 0.7703269787766548
36 0.6906399235878515
37 1.0054582973390958
38 0.4871466320409443
39 0.6387494837914597
40 0.9019595076142636
41 0.5328081864537129
42 0.592917164940663
43 0.5393943365284308
44 0.5702693853018271
45 0.43308267235138836
46 0.7334873091626614
47 0.7374333856358409
48 0.7971824807607777
49 0.8406232872326764
50 0.5152715212743518
51 0.6466724465325288
52 0.5790472267116566
53 0.4496683382547843
54 0.7935165381354025
55 0.4354488253747487
56 0.6075413106969052
57 0.6878294852805664
58 0.7932058371181693
59 0.49296292786413676
60 0.4961637197370575
61 0.8158975065372693
62 0.6215776905614532
63 0.7080839688377353
64 0.3954031659806486
65 0.5754490553311074
66 0.9069310846876255
67 0.5881484727422882
68 0.5656789862985205
69 0.46194973466201344
70 0.644590636736207
71 0.6685685614517735
72 0.7878708658552405
73 0.42443075198525465
74 0.3715266103339887
75 0.7740712195566516
76 0.48408911426553003
77 1.1939216488610591
78 0.5449401236701078
79 0.727030232085922
80 0.9797417913952648
81 0.6940013489378855
82 0.5071477465417855
83 0.6930535227294593
84 0.9646222686995544
85 0.6062969500996821
86 0.45124336165919626
87 0.5908106031450666
88 0.6471610622254728
89 0.7745450532646907
90 0.624395811044761
91 0.5656535204629782
92 0.6221774324920374
93 0.9719523801395882
94 0.6876346378465393
95 0.6495083249129038
96 1.0382974236406215
97 0.5169059079655123
98 0.5948511046002022
99 0.6072469204314884
100 0.7069194861637237
101 0.5805859981680807
102 0.4581826189145105
103 0.756989803918048
104 0.5663466714151467
105 0.8346023655416358
106 0.6987208468445587
107 0.5888305376790757
108 0.5862118510195509
109 0.5611859394490631
110 0.689972418997388
111 0.9898918538362746
112 0.7220656268278497
113 0.607732803088076
114 0.633244860743385
115 1.0801349155010544
116 1.0979528954145032
117 0.6899046087466866
118 0.5450798303003606
119 0.44779008624184374
120 0.9300211445757284
121 0.46747691266916885
122 0.5444764266158257
123 0.4418770190063389
124 0.6794448665672144
125 0.6925672973954693
126 0.6872972537176224
127 0.6311718995245453
128 0.48986330246664517
129 0.709570080289695
130 0.8352406524597811
131 0.5552051341525122
132 0.5611075542814578
133 0.4919767079707143
134 0.6072247811726782
135 0.6281759139040718
136 0.7484051767453053
137 0.46057654578949914
138 0.8994731519927889
139 0.6307900389483619
140 0.66715610966164
141 0.7601263215967321
142 0.6163016169740853
143 0.5179417857678454
144 0.506322971735359
145 0.5270887285228997
146 0.7844132800250067
147 0.41536950674443573
148 0.7435068496079932
149 0.5946417731354869
150 0.9163773414044477
151 0.7824027355754352
152 0.9730703185255283
153 0.5068226353478963
154 0.6866044697495167
155 0.6773622129531002
156 0.5362403477861718
157 0.6387465810822478
158 0.5235340682798779
159 0.5237446172533816
160 0.6356819439566522
161 0.7726883989576239
162 0.726740061941951
163 1.0768821783889735
164 0.6335671299965014
165 0.8442854329995992
166 0.43213448622376005
167 0.6803709397491188
168 0.6399056584591423
169 0.8880519985507717
170 0.651136637384343
171 0.4921316916820932
172 1.1455105373407912
173 0.5152674767582098
174 0.8222260795896039
175 0.37630818974287805
176 0.7356879253843087
177 0.9377367868992528
178 0.6557229487285173
179 0.6130501095805354
180 0.5878107470776659
181 0.4608464933195741
182 0.4863748543178654
183 0.40466847092656166
184 0.9017971832567626
185 0.8505171522132816
186 0.7775563819426553
187 0.8911562102857922
188 0.9722669799829544
189 0.5884942934289921
190 0.614004810445342
191 0.5131472756201927
192 0.8368140078393926
193 0.5697256310681259
194 0.9292163455780837
195 0.7202757033930923
196 0.4954790082435171
197 0.6189931156771585
198 0.9116599634341911
199 1.0020005223477315
200 0.6638510452184351
201 0.8389151048557985
202 0.9171615461325463
203 0.4008566770724296
204 0.857857166695062
205 0.6025799245042861
206 0.5057408908637737
207 0.4944479044044858
208 0.29257686242703906
209 0.777785529703203
210 0.8943256566247344
211 1.305566222626005
212 0.5417066327365946
213 0.797366331971263
214 0.385303528169278
215 0.763647880035836
216 0.5550231271754145
217 0.5951294296216711
218 0.751161979235578
219 0.6380471488828049
220 0.6090934866173366
221 0.6725666948642528
222 0.9134606852984104
223 0.5852340703763047
224 0.6016033188694933
225 1.030815224639397
226 0.9352408977607222
227 0.5862005365749652
228 0.5872049296617584
229 0.7271165863889095
230 0.7377938917214919
231 0.7750681552618424
232 0.6969450005993837
233 0.6043914494804264
234 0.5646123803286424
235 0.7382324373494598
236 0.8407566114324727
237 0.6044458439881966
238 0.719768428442661
239 0.6686782064669525
240 0.48661128726727615
241 0.47404279630507695
242 0.8304809850686781
243 0.7692692677067517
244 0.8196945683573298
245 0.7584888417956289
246 0.5396211936518431
247 0.9449501047453128
248 0.7360275209184195
249 0.5462810546154989
250 0.7779721644767782
251 0.6280444921334615
252 0.6492280970821671
253 0.8479546785795231
254 0.9170444923729245
255 0.5540285153147828
256 0.8505737807768893
257 0.8680002149673106
258 0.5525414991054373
259 0.6820915727146424
260 0.9763933851319065
261 0.6357031061837309
262 0.8578433638986821
263 1.0887980054634037
264 0.6340993775838663
265 0.41464308963406477
266 0.6216760414743369
267 0.5345189568551415
268 0.4043058722355949
269 0.580676466575808
270 1.126753592650803
271 0.5999478629023604
272 0.7159959978369425
273 0.7396625065547988
274 0.5211639550173466
275 0.9376237937574231
276 0.7047450781865975
277 0.772921347799458
278 0.6930940945608305
279 0.7443791693969259
280 0.6983129569897585
281 0.5503765909368139
282 0.5662089728138535
283 0.6860470364923087
284 0.6275344345616415
285 0.850099110933648
286 0.4520423683981307
287 0.7053596116360082
288 0.6061275526335368
289 0.5716422477752723
290 0.7970924955485098
291 0.7418056073198411
292 0.8534053365277031
293 0.795528351020033
294 0.5430221338341724
295 0.8317339237300478
296 0.5366252872835924
297 0.4407330451930504
298 0.8674581575348985
299 0.5515610664285592
300 0.674121778944692
301 0.7134248667708025
302 0.6909637189232681
303 0.44749572209606164
304 0.6231771378445395
305 0.4275377567409692
306 0.5785536120582887
307 0.7484974960221626
308 0.7406436632662503
309 0.5642826859361774
310 0.5967571681856125
311 0.6660194578978601
312 0.6279647481541223
313 0.6438831429043365
314 0.7759544339332175
315 0.6462660865435879
316 0.5791925160796093
317 0.6654338921843389
318 0.5049618924845343
319 0.7036653494754346
320 1.0211022565287284
321 0.4654365862403081
322 1.0935029885661849
323 0.5729765047835969
324 0.5371745069027708
325 0.7456057639841124
326 0.9323609559699856
327 0.6262822869508293
328 0.7632983669505093
329 0.8147536159552361
330 0.6820024811840338
331 0.6696984749268355
332 0.6173135516330656
333 0.5598104688165477
334 0.523905490775412
335 0.6266596596692734
336 0.8409061190213611
337 0.6528776157738485
338 0.5581489956901869
339 0.5532727989583288
340 0.621997317683063
341 0.5377984991999183
342 0.6275848833732947
343 0.9069599809931594
344 0.577997861679407
345 0.6491522377438709
346 0.74134105314757
347 0.4875416298121731
348 0.47175288375615876
349 0.2684502647218691
350 0.48956623457123283
351 0.8861230489386835
352 0.8173892972259801
353 0.980431245580147
354 0.9156735731193565
355 0.8381672412838888
356 0.5532697187574054
357 0.6444857997277328
358 0.8741650510978418
359 0.683781809913005
360 0.8105094558616447
361 0.5637645241505579
362 0.8338869495455689
363 0.6964827800386838
364 0.7829232870142706
365 0.7249599031046328
366 0.5525377092758963
367 0.7963259398140579
368 0.8433609197347821
369 0.6013361004022206
370 0.5233070507155786
371 0.5978455136162174
372 0.5785031130247947
373 0.4104476491726662
374 0.7421291679841873
375 0.6280044302270035
376 0.5441090667261078
377 0.3678897254902204
378 0.8314434423496759
379 0.962435041806818
380 1.0110456712830227
381 0.48360654269454223
382 0.6720514658549112
383 0.8867391083997853
384 0.6156088985396425
385 0.886748354608111
386 0.9256329069215535
387 0.839365060524965
388 0.8058868139645434
389 0.7742795474332372
390 0.7303078277789029
391 0.6539450086010744
392 0.5859268950094864
393 0.637012492752359
394 0.7649903724467195
395 0.8124461432422578
396 0.7615537488316336
397 0.47847097016458134
398 0.8219605737334978
399 0.4800257666886108
400 0.5126838322068074
401 0.6361251634560854
402 0.6813897455652816
403 0.972596626991823
404 0.8721615115895195
405 0.5434469698198195
406 0.7380177106025986
407 0.832590665822283
408 0.5365950753020579
409 0.6352962651606214
410 0.6223846365446832
411 0.6470828324944636
412 0.5479126351622352
413 0.4961346183252165
414 0.7851774151279176
415 0.5243828463165865
416 0.5096520113454682
417 0.5928016777432077
418 0.7193381139517449
419 0.7590254012227264
420 0.9299339420131688
421 0.5839597647361509
422 0.800904950649974
423 0.6724922313100891
424 0.8058919944493087
425 0.9187748825019717
426 0.5418051712176658
427 0.9184211135078795
428 0.7716178879057033
429 0.43799440783385096
430 0.9598891006231323
431 0.9617377588268735
432 0.9422096018030693
433 0.742996259953427
434 0.643899955620946
435 0.8913403812887485
436 0.8875522467085821
437 0.45500628722734837
438 0.6688391106518975
439 0.6740080694321158
440 0.7408721946131919
441 0.4604659726866414
442 0.5959531101660743
443 0.7578397772404033
444 0.5268318416612143
445 0.5791397711708776
446 0.6257862768327149
447 0.9426762896302001
448 0.4541998761138856
449 0.6537678773846805
450 0.6084023844912096
451 0.45558446322964713
452 0.5008044926214725
453 0.9511499104018815
454 0.6796061189570041
455 0.583862123039996
456 0.6416419311800512
457 0.6485240307737309
458 0.7160689483620984
459 0.6646699885888665
460 0.7658140565843709
461 0.472665250656729
462 0.6643189664742148
463 0.7844570914952776
464 0.4714094226821196
465 0.6055408026102195
466 0.8442316306265092
467 0.5033245514714756
468 0.7262356380413153
469 0.4518233069984906
470 0.711102098148158
471 0.5246945756391916
472 0.7360133636158702
473 0.9555704149198535
474 0.5096711583787613
475 0.5480659285264625
476 0.5901967024619316
477 0.618026351556401
478 0.4605492703905034
479 0.5614086494332448
480 0.814742843534452
481 0.4592529791500096
482 0.6498835517951277
483 0.5213203985058381
484 0.9949541567486264
485 0.896499280708505
486 0.9328940842311729
487 0.6532307483997943
488 0.6974521951262551
489 0.37965881353054526
490 1.060138022306878
491 0.891530593780464
492 1.268293712022502
493 0.7828016556096967
494 0.553045464999103
495 0.49929162470552513
496 0.29017748027498347
497 0.45781625744535814
498 0.7783613948970495
499 0.8202483667999498
500 0.6454036849869815
